  0.0000000000000000e+00   7.7710286318527477e-01 
  1.4999999999999999e-02   2.5619724275894065e+00 
  0.0000000000000000e+00   7.7710286318527477e-01 
  1.4999999999999999e-02   2.5619724275894065e+00 
  0.0000000000000000e+00   7.7710286318527477e-01 
  1.4999999999999999e-02   2.5619724275894065e+00 
  0.0000000000000000e+00   7.7710286318527477e-01 
  1.4999999999999999e-02   2.5619724275894065e+00 
  0.0000000000000000e+00   7.7710286318527477e-01 
  1.4999999999999999e-02   2.5619724275894065e+00 
  0.0000000000000000e+00   7.7710286318527477e-01 
  1.4999999999999999e-02   2.5619724275894065e+00 
  0.0000000000000000e+00   7.7710284473214486e-01 
  1.4999999999999999e-02   2.5619723137807853e+00 
  0.0000000000000000e+00   6.5106879373919568e-02 
  3.1249999999999997e-03   7.0564412824546396e-02 
